chromosome_index	position	alt_count	ref_count
1	1000	30	72
1	2000	10	109
1	3000	24	81
1	4000	27	64
1	5000	9	99
1	6000	21	73
1	7000	32	79
1	8000	8	89
1	9000	26	88
1	10000	29	71
1	11000	10	107
1	12000	23	80
1	13000	35	85
1	14000	9	97
1	15000	21	71
1	16000	32	77
1	17000	8	87
1	18000	25	87
1	19000	29	69
1	20000	9	106
1	21000	23	78
1	22000	35	83
1	23000	8	96
1	24000	20	70
1	25000	31	76
1	26000	8	85
1	27000	25	85
1	28000	28	68
1	29000	9	104
1	30000	23	76
1	101000	34	82
1	102000	8	94
1	103000	27	92
1	104000	31	74
1	105000	7	84
1	106000	25	83
1	107000	27	67
1	108000	9	102
1	109000	22	75
1	110000	33	81
1	111000	8	92
1	112000	27	90
1	113000	30	73
1	114000	10	110
1	115000	24	82
1	116000	27	65
1	117000	9	100
1	118000	22	73
1	119000	33	79
1	120000	8	90
1	121000	26	89
1	122000	30	71
1	123000	10	108
1	124000	24	80
1	125000	26	64
1	126000	9	98
1	127000	21	72
1	128000	32	78
1	129000	8	88
1	130000	26	87
1	201000	26	73
1	202000	9	107
1	203000	21	81
1	204000	32	87
1	205000	8	97
1	206000	19	72
1	207000	29	79
1	208000	7	87
1	209000	23	88
1	210000	26	71
1	211000	8	106
1	212000	21	79
1	213000	31	86
1	214000	8	95
1	215000	25	95
1	216000	28	78
1	217000	7	85
1	218000	23	86
1	219000	25	70
1	220000	8	104
1	221000	20	78
1	222000	31	84
1	223000	7	94
1	224000	24	94
1	225000	28	76
1	226000	7	83
1	227000	22	85
1	228000	25	68
1	229000	8	102
1	230000	20	76
1	301000	37	76
1	302000	9	90
1	303000	29	87
1	304000	33	69
1	305000	11	108
1	306000	26	79
1	307000	29	62
1	308000	10	98
1	309000	24	70
1	310000	36	75
1	311000	9	88
1	312000	29	85
1	313000	32	68
1	314000	11	106
1	315000	26	77
1	316000	39	81
1	317000	10	96
1	318000	23	69
1	319000	35	74
1	320000	9	86
1	321000	28	84
1	322000	32	66
1	323000	10	105
1	324000	25	76
1	325000	38	80
1	326000	9	95
1	327000	23	67
1	328000	35	72
1	329000	8	85
1	330000	28	82
1	401000	23	73
1	402000	7	106
1	403000	18	81
1	404000	28	88
1	405000	7	95
1	406000	22	97
1	407000	25	80
1	408000	6	85
1	409000	20	88
1	410000	22	72
1	411000	7	104
1	412000	18	79
1	413000	27	87
1	414000	7	93
1	415000	22	95
1	416000	25	78
1	417000	8	112
1	418000	20	86
1	419000	22	70
1	420000	7	102
1	421000	18	77
1	422000	27	85
1	423000	6	92
1	424000	21	94
1	425000	24	77
1	426000	8	110
1	427000	19	85
1	428000	21	69
1	429000	7	100
1	430000	17	76
1	501000	22	88
1	502000	5	91
1	503000	18	95
1	504000	20	79
1	505000	6	110
1	506000	16	86
1	507000	24	95
1	508000	6	99
1	509000	14	77
1	510000	22	86
1	511000	5	89
1	512000	17	94
1	513000	20	77
1	514000	6	108
1	515000	16	84
1	516000	24	93
1	517000	6	97
1	518000	19	101
1	519000	21	85
1	520000	5	87
1	521000	17	92
1	522000	19	76
1	523000	6	106
1	524000	15	83
1	525000	23	92
1	526000	6	95
1	527000	18	100
1	528000	21	83
1	529000	5	85
1	530000	17	90
1	601000	19	74
1	602000	6	104
1	603000	15	81
1	604000	23	90
1	605000	6	93
1	606000	19	97
1	607000	21	81
1	608000	7	112
1	609000	17	88
1	610000	19	72
1	611000	6	102
1	612000	15	79
1	613000	23	88
1	614000	6	91
1	615000	18	96
1	616000	21	79
1	617000	7	110
1	618000	16	87
1	619000	25	95
1	620000	6	100
1	621000	15	77
1	622000	22	87
1	623000	5	90
1	624000	18	94
1	625000	20	78
1	626000	7	108
1	627000	16	85
1	628000	24	94
1	629000	6	98
1	630000	14	76
1	701000	41	66
1	702000	10	83
1	703000	32	78
1	704000	36	60
1	705000	12	101
1	706000	29	70
1	707000	44	72
1	708000	11	91
1	709000	35	84
1	710000	40	65
1	711000	10	81
1	712000	32	76
1	713000	36	58
1	714000	12	99
1	715000	29	68
1	716000	43	71
1	717000	11	89
1	718000	34	83
1	719000	39	64
1	720000	13	107
1	721000	31	75
1	722000	35	57
1	723000	11	98
1	724000	28	67
1	725000	42	70
1	726000	10	88
1	727000	34	81
1	728000	38	63
1	729000	12	106
1	730000	31	73
1	801000	20	70
1	802000	7	100
1	803000	16	77
1	804000	24	86
1	805000	6	90
1	806000	19	94
1	807000	22	77
1	808000	7	109
1	809000	18	84
1	810000	26	93
1	811000	6	99
1	812000	16	75
1	813000	24	84
1	814000	6	88
1	815000	19	92
1	816000	21	76
1	817000	7	107
1	818000	17	83
1	819000	26	91
1	820000	6	97
1	821000	21	99
1	822000	23	83
1	823000	6	86
1	824000	19	90
1	825000	21	74
1	826000	7	105
1	827000	17	81
1	828000	25	90
1	829000	6	95
1	830000	20	98
1	901000	30	74
1	902000	7	83
1	903000	24	83
1	904000	27	66
1	905000	9	101
1	906000	22	74
1	907000	33	80
1	908000	8	91
1	909000	26	90
1	910000	30	72
1	911000	10	109
1	912000	24	81
1	913000	27	64
1	914000	9	99
1	915000	21	73
1	916000	32	79
1	917000	8	89
1	918000	26	88
1	919000	29	71
1	920000	10	107
1	921000	23	80
1	922000	35	85
1	923000	9	97
1	924000	21	71
1	925000	32	77
1	926000	8	87
1	927000	25	87
1	928000	29	69
1	929000	9	106
1	930000	23	78
