chromosome_index	position	alt_count	ref_count
1	1000	41	79
1	2000	25	81
1	3000	7	85
1	4000	37	72
1	5000	22	73
1	6000	8	104
1	7000	34	64
1	8000	27	88
1	9000	7	94
1	10000	40	78
1	11000	24	80
1	12000	6	84
1	13000	37	70
1	14000	22	71
1	15000	8	102
1	16000	33	63
1	17000	26	87
1	18000	7	92
1	19000	40	76
1	20000	24	78
1	21000	9	110
1	22000	36	69
1	23000	21	70
1	24000	8	100
1	25000	32	62
1	26000	26	85
1	27000	7	90
1	28000	39	75
1	29000	23	77
1	30000	8	109
1	101000	35	68
1	102000	28	92
1	103000	8	98
1	104000	31	61
1	105000	26	83
1	106000	7	88
1	107000	38	74
1	108000	23	75
1	109000	8	107
1	110000	35	66
1	111000	28	90
1	112000	7	97
1	113000	31	59
1	114000	25	82
1	115000	7	86
1	116000	38	72
1	117000	22	74
1	118000	8	105
1	119000	34	65
1	120000	27	89
1	121000	7	95
1	122000	41	78
1	123000	25	80
1	124000	7	84
1	125000	37	71
1	126000	22	72
1	127000	8	103
1	128000	33	64
1	129000	27	87
1	130000	7	93
1	201000	32	85
1	202000	19	84
1	203000	7	113
1	204000	29	77
1	205000	17	75
1	206000	6	103
1	207000	26	69
1	208000	21	91
1	209000	6	92
1	210000	31	84
1	211000	19	82
1	212000	7	111
1	213000	28	76
1	214000	17	73
1	215000	6	101
1	216000	25	68
1	217000	21	89
1	218000	6	90
1	219000	31	82
1	220000	19	80
1	221000	7	109
1	222000	28	74
1	223000	22	97
1	224000	6	99
1	225000	25	66
1	226000	20	88
1	227000	5	89
1	228000	30	81
1	229000	18	79
1	230000	7	107
1	301000	46	54
1	302000	37	80
1	303000	10	93
1	304000	55	65
1	305000	33	73
1	306000	9	83
1	307000	50	59
1	308000	30	65
1	309000	11	101
1	310000	45	53
1	311000	36	79
1	312000	10	91
1	313000	54	64
1	314000	33	71
1	315000	9	81
1	316000	49	58
1	317000	29	64
1	318000	11	99
1	319000	44	52
1	320000	35	78
1	321000	10	89
1	322000	53	63
1	323000	32	70
1	324000	11	108
1	325000	48	57
1	326000	28	63
1	327000	10	98
1	328000	43	51
1	329000	35	76
1	330000	9	88
1	401000	35	79
1	402000	21	79
1	403000	8	109
1	404000	32	71
1	405000	25	95
1	406000	7	99
1	407000	28	64
1	408000	23	86
1	409000	6	89
1	410000	35	77
1	411000	21	77
1	412000	7	108
1	413000	31	70
1	414000	25	93
1	415000	7	97
1	416000	28	62
1	417000	23	84
1	418000	6	87
1	419000	34	76
1	420000	20	76
1	421000	7	106
1	422000	31	68
1	423000	24	92
1	424000	7	95
1	425000	37	82
1	426000	22	83
1	427000	6	85
1	428000	33	75
1	429000	20	74
1	430000	7	104
1	501000	27	70
1	502000	22	92
1	503000	6	94
1	504000	33	84
1	505000	20	83
1	506000	7	113
1	507000	30	76
1	508000	18	74
1	509000	6	103
1	510000	27	68
1	511000	22	90
1	512000	6	92
1	513000	32	83
1	514000	19	82
1	515000	7	111
1	516000	29	75
1	517000	17	73
1	518000	6	101
1	519000	26	67
1	520000	21	89
1	521000	6	90
1	522000	32	81
1	523000	19	80
1	524000	7	109
1	525000	29	73
1	526000	23	96
1	527000	6	99
1	528000	26	65
1	529000	21	87
1	530000	6	88
1	601000	24	87
1	602000	14	83
1	603000	5	109
1	604000	21	79
1	605000	17	100
1	606000	5	98
1	607000	25	95
1	608000	15	91
1	609000	4	88
1	610000	23	86
1	611000	14	81
1	612000	5	107
1	613000	21	77
1	614000	17	98
1	615000	5	96
1	616000	25	93
1	617000	15	89
1	618000	4	86
1	619000	23	84
1	620000	14	79
1	621000	5	105
1	622000	20	76
1	623000	16	97
1	624000	4	95
1	625000	25	91
1	626000	15	87
1	627000	5	114
1	628000	22	83
1	629000	13	78
1	630000	5	103
1	701000	36	58
1	702000	29	82
1	703000	8	89
1	704000	44	70
1	705000	26	74
1	706000	9	108
1	707000	39	64
1	708000	31	89
1	709000	9	97
1	710000	35	57
1	711000	29	80
1	712000	8	87
1	713000	43	69
1	714000	26	72
1	715000	9	106
1	716000	39	62
1	717000	31	87
1	718000	8	96
1	719000	35	55
1	720000	28	79
1	721000	8	85
1	722000	42	68
1	723000	25	71
1	724000	9	104
1	725000	38	61
1	726000	30	86
1	727000	8	94
1	728000	46	73
1	729000	28	77
1	730000	7	84
1	801000	27	81
1	802000	16	78
1	803000	6	105
1	804000	24	73
1	805000	20	94
1	806000	5	95
1	807000	29	88
1	808000	18	85
1	809000	6	114
1	810000	27	79
1	811000	16	76
1	812000	6	103
1	813000	24	71
1	814000	19	93
1	815000	5	93
1	816000	29	86
1	817000	17	84
1	818000	6	112
1	819000	26	78
1	820000	15	75
1	821000	6	101
1	822000	23	70
1	823000	19	91
1	824000	5	91
1	825000	28	85
1	826000	17	82
1	827000	6	110
1	828000	26	76
1	829000	20	99
1	830000	6	99
1	901000	31	60
1	902000	25	83
1	903000	7	87
1	904000	38	73
1	905000	23	74
1	906000	8	106
1	907000	34	66
1	908000	27	90
1	909000	7	96
1	910000	41	79
1	911000	25	81
1	912000	7	85
1	913000	37	72
1	914000	22	73
1	915000	8	104
1	916000	34	64
1	917000	27	88
1	918000	7	94
1	919000	40	78
1	920000	24	80
1	921000	6	84
1	922000	37	70
1	923000	22	71
1	924000	8	102
1	925000	33	63
1	926000	26	87
1	927000	7	92
1	928000	40	76
1	929000	24	78
1	930000	9	110
